70
55
62
67
58
84
44
90
65
74
63
84
78
92
93
58
50
75
91
69
71
75
94
86
95
54
85
61
26
55
77
41
84
75
87
98
66
77
82
58
67
68
62
70
60
47
89
60
73
59
70
73
74
49
78
39
90
92
46
86
75
72
35
89
37
75
92
73
89
65
80
76
88
70
67
45
73
88
82
82
70
23
60
53
64
92
91
52
78
81
59
48
59
69
25
52
63
87
91
87
75
81
76
78
40
72
84
77
60
85
89
68
66
70
77
68
83
87
79
55
45
80
87
34
68
75
80
86
86
82
82
85
78
74
73
57
86
77
60
66
49
59
47
82
81
93
63
77
70
81
93
59
56
72
61
53
72
81
64
66
41
53
55
45
84
53
77
75
72
68
61
77
88
90
79
51
78
80
45
79
63
83
47
66
74
58
44
71
63
56
80
91
76
60
97
70
74
85
73
90
25
69
76
68
85
69
79
73
95
65
56
86
38
68
52
62
91
82
87
95
91
58
53
56
33
79
68
86
63
84
82
64
91
69
80
62
66
73
62
49
87
79
64
47
75
69
85
56
86
67
70
81
81
94
93
66
44
85
64
84
45
67
82
77
60
76
32
51
71
68
76
87
87
62
66
65
77
65
85
87
71
100
55
76
85
63
68
29
66
97
47
99
81
86
59
81
77
96
70
75
63
75
77
83
75
62
85
61
53
69
80
74
47
86
78
77
81
59
60
81
63
69
97
89
61
59
78
68
76
89
75
76
66
73
97
62
86
83
67
73
53
95
59
84
76
78
74
72
74
96
77
67
68
66
78
77
62
48
85
61
83
82
84
75
65
34
27
81
70
71
70
74
60
78
36
69
66
87
71
76
67
80
95
68
61
98
80
63
71
67
72
68
81
54
90
91
89
56
78
66
70
78
96
87
44
16
20
78
92
78
31
22
84
75
59
47
68
69
96
68
77
84
80
45
56
60
79
72
91
65
100
91
67
77
54
75
67
95
56
72
86
46
74
86
77
95
64
83
68
65
67
64
92
47
81
96
68
74
89
89
75
68
77
84
82
68
78
66
58
92
92
81
84
66
91
52
52
88
70
71
56
61
93
77
67
73
65
72
88
89
75
68
49
70
73
61
82
86
47
80
40
95
71
61
93
60
41